-198.683
-84.1207
102.977
84.9239
-47.2009
-72.2224
2.83443
-7.25986
-52.1674
4.42488
5.54017
-18.2608
11.0646
44.3556
44.7253
147.009
-190.025
-125.261
-58.93
60.2073
145.396
93.3399
33.5389
128.621
19.0924
173.457
-138.443
4.48777
130.545
-79.1367
197.571
50.2628
-142.086
-239.454
15.326
96.7679
15.2563
138.206
16.6965
-12.1402
205.992
119.764
-122.793
-25.9815
54.4305
-57.756
-61.7685
-0.0369138
-50.6046
-209.152
-17.4855
-10.9544
136.534
93.5164
-5.56905
103.413
59.9873
47.5514
112.455
-56.289
123.152
62.0144
-261.153
-9.60359
66.8807
-135.62
56.9627
-95.5663
-37.243
3.31874
107.664
-107.925
43.8045
-186.833
67.7318
122.87
52.7483
-88.9528
51.9157
-181.82
-8.41272
78.2491
10.2119
39.936
-14.6866
94.2038
-42.7157
104.658
-126.355
-115.708
37.5439
90.1688
-220.13
-116.653
-98.0028
-48.2043
-24.6094
127.215
-185.517
-5.30238
24.4078
57.4818
9.3044
-62.5622
131.743
-34.3254
87.9124
65.4672
-83.3631
-330.974
274.521
-67.5738
21.7025
-125.965
73.4994
34.1838
-103.804
-78.8667
26.7108
-51.3393
69.9965
7.02576
248.176
-73.0827
-94.1789
6.92816
118.641
-74.9408
95.5774
-30.2573
-54.0436
139.279
-78.7634
-17.5061
-90.8156
-135.32
-58.8453
-2.27831
32.7941
91.5134
-6.66368
-4.5294
111.228
31.9934
64.7621
109.757
-28.2073
-147.396
-134.561
227.922
199.995
-94.6965
17.6114
135.517
-68.7918
-55.2313
84.2448
116.385
-20.4832
58.7443
121.799
55.1177
2.8529
23.3277
-0.268371
-56.715
-162.283
164.427
-22.5986
7.89163
183.31
123.604
-17.0664
-170.672
77.5047
-100.732
-41.5033
181.904
-27.3375
-136.689
180.092
-60.325
8.82103
-35.7228
110.463
152.696
-31.9953
-4.51891
118.263
-201.814
-6.44298
-24.017
-75.9474
74.9357
11.9822
87.2462
-154.848
140.874
18.7665
121.293